# Created by Octave 3.8.0, Mon Apr 03 21:13:08 2017 PDT <johnharding@macbook-pro.home.jharding.org>
# name: X
# type: matrix
# rows: 2
# columns: 2
 1 2
 3 4


